
fea_z(:,:,1) =

     0     0     1     0     0     0     0     0     0     0     0
     0     0     0     0     1     0     0     0     0     0     0
     0     0     0     1     0     0     0     1     1     0     0
     0     0     0     0     0     1     0     0     0     0     0
     0     0     0     1     0     0     1     0     0     0     0
     0     0     0     0     0     0     1     0     0     1     0
     0     0     0     0     0     0     0     0     0     0     0
     0     0     0     0     0     0     0     0     0     0     0
     0     0     0     0     0     0     0     0     0     1     0
     0     0     0     0     0     0     0     0     0     0     0
     0     0     0     0     0     0     0     0     0     0     0


fea_z(:,:,2) =

     0     0     1     0     0     0     0     0     0     0     0
     0     0     0     0     1     0     0     0     0     0     0
     0     0     0     1     0     0     0     0     1     0     0
     0     0     0     0     0     1     0     0     0     0     0
     0     0     0     1     0     0     1     0     0     0     0
     0     0     0     0     0     0     1     0     0     1     0
     0     0     0     0     0     0     0     0     0     0     0
     0     0     0     0     0     0     0     0     0     0     0
     0     0     0     0     0     0     0     0     0     1     1
     0     0     0     0     0     0     0     0     0     0     0
     0     0     0     0     0     0     0     1     0     0     0

