
min_cost_idx =

     1     2


z(:,:,1) =

     0     0     1     0     0     0     0     0     0     0     0
     0     0     0     0     1     0     0     0     0     0     0
     0     0     0     1     0     0     0     1     1     0     0
     0     0     0     0     0     1     0     0     0     0     0
     0     0     0     1     0     0     1     0     0     0     0
     0     0     0     0     0     0     1     0     0     1     0
     0     0     0     0     0     0     0     0     0     0     0
     0     0     0     0     0     0     0     0     0     0     0
     0     0     0     0     0     0     0     0     0     1     0
     0     0     0     0     0     0     0     0     0     0     0
     0     0     0     0     0     0     0     0     0     0     0


z(:,:,2) =

     0     0     1     0     0     0     0     0     0     0     0
     0     0     0     0     1     0     0     0     0     0     0
     0     0     0     1     0     0     0     0     1     0     0
     0     0     0     0     0     1     0     0     0     0     0
     0     0     0     1     0     0     1     0     0     0     0
     0     0     0     0     0     0     1     0     0     1     0
     0     0     0     0     0     0     0     0     0     0     0
     0     0     0     0     0     0     0     0     0     0     0
     0     0     0     0     0     0     0     0     0     1     1
     0     0     0     0     0     0     0     0     0     0     0
     0     0     0     0     0     0     0     1     0     0     0


beta(:,:,1) =

    -1    -1    -1    -1    -1    -1    -1    -1    -1    -1    -1
    -1    -1    -1    -1    -1    -1    -1    -1    -1    -1    -1
    -1    -1    -1    -1    -1    -1    -1    -1    -1    -1    -1
    -1    -1    -1    -1    -1    -1    -1    -1    -1    -1    -1
    -1    -1    -1    -1    -1    -1    -1    -1    -1    -1    -1
    -1    -1    -1    -1    -1    -1    -1    -1    -1    -1    -1
    -1    -1    -1    -1    -1    -1    -1    -1    -1    -1    -1
    -1    -1    -1    -1    -1    -1    -1    -1    -1    -1    -1
    -1    -1    -1    -1    -1    -1    -1    -1    -1    -1    -1
    -1    -1    -1    -1    -1    -1    -1    -1    -1    -1    -1
    -1    -1    -1    -1    -1    -1    -1    -1    -1    -1    -1


beta(:,:,2) =

    -1    -1    -1    -1    -1    -1    -1    -1    -1    -1    -1
    -1    -1    -1    -1    -1    -1    -1    -1    -1    -1    -1
    -1    -1    -1    -1    -1    -1    -1    -1    -1    -1    -1
    -1    -1    -1    -1    -1    -1    -1    -1    -1    -1    -1
    -1    -1    -1    -1    -1    -1    -1    -1    -1    -1    -1
    -1    -1    -1    -1    -1    -1    -1    -1    -1    -1    -1
    -1    -1    -1    -1    -1    -1    -1    -1    -1    -1    -1
    -1    -1    -1    -1    -1    -1    -1    -1    -1    -1    -1
    -1    -1    -1    -1    -1    -1    -1    -1    -1    -1    -1
    -1    -1    -1    -1    -1    -1    -1    -1    -1    -1    -1
    -1    -1    -1    -1    -1    -1    -1    -1    -1    -1    -1


x(:,:,1,1) =

    -1    -1     1    -1    -1    -1    -1    -1    -1    -1    -1
    -1    -1    -1    -1     0    -1    -1    -1    -1    -1    -1
    -1    -1    -1     1    -1    -1    -1     1     1    -1    -1
    -1    -1    -1    -1    -1     1    -1    -1    -1    -1    -1
    -1    -1    -1     0    -1    -1     0    -1    -1    -1    -1
    -1    -1    -1    -1    -1    -1     1    -1     0     1    -1
    -1    -1    -1    -1    -1    -1    -1    -1    -1    -1    -1
    -1    -1    -1    -1    -1    -1    -1    -1    -1    -1    -1
    -1    -1    -1    -1    -1    -1    -1    -1    -1     1     0
    -1    -1    -1    -1    -1    -1    -1    -1    -1    -1    -1
    -1    -1    -1    -1    -1    -1    -1     0    -1    -1    -1


x(:,:,2,1) =

    -1    -1     0    -1    -1    -1    -1    -1    -1    -1    -1
    -1    -1    -1    -1     1    -1    -1    -1    -1    -1    -1
    -1    -1    -1     0    -1    -1    -1     0     0    -1    -1
    -1    -1    -1    -1    -1     1    -1    -1    -1    -1    -1
    -1    -1    -1     1    -1    -1     1    -1    -1    -1    -1
    -1    -1    -1    -1    -1    -1     1    -1     0     1    -1
    -1    -1    -1    -1    -1    -1    -1    -1    -1    -1    -1
    -1    -1    -1    -1    -1    -1    -1    -1    -1    -1    -1
    -1    -1    -1    -1    -1    -1    -1    -1    -1     0     0
    -1    -1    -1    -1    -1    -1    -1    -1    -1    -1    -1
    -1    -1    -1    -1    -1    -1    -1     0    -1    -1    -1


x(:,:,1,2) =

    -1    -1     1    -1    -1    -1    -1    -1    -1    -1    -1
    -1    -1    -1    -1     0    -1    -1    -1    -1    -1    -1
    -1    -1    -1     1    -1    -1    -1     0     1    -1    -1
    -1    -1    -1    -1    -1     1    -1    -1    -1    -1    -1
    -1    -1    -1     0    -1    -1     0    -1    -1    -1    -1
    -1    -1    -1    -1    -1    -1     1    -1     0     1    -1
    -1    -1    -1    -1    -1    -1    -1    -1    -1    -1    -1
    -1    -1    -1    -1    -1    -1    -1    -1    -1    -1    -1
    -1    -1    -1    -1    -1    -1    -1    -1    -1     1     1
    -1    -1    -1    -1    -1    -1    -1    -1    -1    -1    -1
    -1    -1    -1    -1    -1    -1    -1     1    -1    -1    -1


x(:,:,2,2) =

    -1    -1     0    -1    -1    -1    -1    -1    -1    -1    -1
    -1    -1    -1    -1     1    -1    -1    -1    -1    -1    -1
    -1    -1    -1     0    -1    -1    -1     0     0    -1    -1
    -1    -1    -1    -1    -1     1    -1    -1    -1    -1    -1
    -1    -1    -1     1    -1    -1     1    -1    -1    -1    -1
    -1    -1    -1    -1    -1    -1     1    -1     0     1    -1
    -1    -1    -1    -1    -1    -1    -1    -1    -1    -1    -1
    -1    -1    -1    -1    -1    -1    -1    -1    -1    -1    -1
    -1    -1    -1    -1    -1    -1    -1    -1    -1     0     0
    -1    -1    -1    -1    -1    -1    -1    -1    -1    -1    -1
    -1    -1    -1    -1    -1    -1    -1     0    -1    -1    -1


f(:,:,1,1) =

    -1    -1     1    -1    -1    -1    -1    -1    -1    -1    -1
    -1    -1    -1    -1    -1    -1    -1    -1    -1    -1    -1
    -1    -1    -1     1    -1    -1    -1    -1    -1    -1    -1
    -1    -1    -1    -1    -1     1    -1    -1    -1    -1    -1
    -1    -1    -1    -1    -1    -1    -1    -1    -1    -1    -1
    -1    -1    -1    -1    -1    -1     1    -1    -1    -1    -1
    -1    -1    -1    -1    -1    -1    -1    -1    -1    -1    -1
    -1    -1    -1    -1    -1    -1    -1    -1    -1    -1    -1
    -1    -1    -1    -1    -1    -1    -1    -1    -1    -1    -1
    -1    -1    -1    -1    -1    -1    -1    -1    -1    -1    -1
    -1    -1    -1    -1    -1    -1    -1    -1    -1    -1    -1


f(:,:,2,1) =

    -1    -1    -1    -1    -1    -1    -1    -1    -1    -1    -1
    -1    -1    -1    -1     1    -1    -1    -1    -1    -1    -1
    -1    -1    -1    -1    -1    -1    -1    -1    -1    -1    -1
    -1    -1    -1    -1    -1     0    -1    -1    -1    -1    -1
    -1    -1    -1     0    -1    -1     1    -1    -1    -1    -1
    -1    -1    -1    -1    -1    -1     0    -1    -1    -1    -1
    -1    -1    -1    -1    -1    -1    -1    -1    -1    -1    -1
    -1    -1    -1    -1    -1    -1    -1    -1    -1    -1    -1
    -1    -1    -1    -1    -1    -1    -1    -1    -1    -1    -1
    -1    -1    -1    -1    -1    -1    -1    -1    -1    -1    -1
    -1    -1    -1    -1    -1    -1    -1    -1    -1    -1    -1


f(:,:,1,2) =

    -1    -1     1    -1    -1    -1    -1    -1    -1    -1    -1
    -1    -1    -1    -1    -1    -1    -1    -1    -1    -1    -1
    -1    -1    -1     0    -1    -1    -1     1     0    -1    -1
    -1    -1    -1    -1    -1     0    -1    -1    -1    -1    -1
    -1    -1    -1    -1    -1    -1    -1    -1    -1    -1    -1
    -1    -1    -1    -1    -1    -1    -1    -1     0    -1    -1
    -1    -1    -1    -1    -1    -1    -1    -1    -1    -1    -1
    -1    -1    -1    -1    -1    -1    -1    -1    -1    -1    -1
    -1    -1    -1    -1    -1    -1    -1    -1    -1    -1     0
    -1    -1    -1    -1    -1    -1    -1    -1    -1    -1    -1
    -1    -1    -1    -1    -1    -1    -1     0    -1    -1    -1


f(:,:,2,2) =

    -1    -1    -1    -1    -1    -1    -1    -1    -1    -1    -1
    -1    -1    -1    -1    -1    -1    -1    -1    -1    -1    -1
    -1    -1    -1    -1    -1    -1    -1    -1    -1    -1    -1
    -1    -1    -1    -1    -1    -1    -1    -1    -1    -1    -1
    -1    -1    -1    -1    -1    -1    -1    -1    -1    -1    -1
    -1    -1    -1    -1    -1    -1    -1    -1    -1    -1    -1
    -1    -1    -1    -1    -1    -1    -1    -1    -1    -1    -1
    -1    -1    -1    -1    -1    -1    -1    -1    -1    -1    -1
    -1    -1    -1    -1    -1    -1    -1    -1    -1    -1    -1
    -1    -1    -1    -1    -1    -1    -1    -1    -1    -1    -1
    -1    -1    -1    -1    -1    -1    -1    -1    -1    -1    -1


min_cost_idx =

     1     2


z(:,:,1) =

     0     0     1     0     0     0     0     0     0     0     0
     0     0     0     0     1     0     0     0     0     0     0
     0     0     0     1     0     0     0     1     1     0     0
     0     0     0     0     0     1     0     0     0     0     0
     0     0     0     1     0     0     1     0     0     0     0
     0     0     0     0     0     0     1     0     0     1     0
     0     0     0     0     0     0     0     0     0     0     0
     0     0     0     0     0     0     0     0     0     0     0
     0     0     0     0     0     0     0     0     0     1     0
     0     0     0     0     0     0     0     0     0     0     0
     0     0     0     0     0     0     0     0     0     0     0


z(:,:,2) =

     0     0     1     0     0     0     0     0     0     0     0
     0     0     0     0     1     0     0     0     0     0     0
     0     0     0     1     0     0     0     0     1     0     0
     0     0     0     0     0     1     0     0     0     0     0
     0     0     0     1     0     0     1     0     0     0     0
     0     0     0     0     0     0     1     0     0     1     0
     0     0     0     0     0     0     0     0     0     0     0
     0     0     0     0     0     0     0     0     0     0     0
     0     0     0     0     0     0     0     0     0     1     1
     0     0     0     0     0     0     0     0     0     0     0
     0     0     0     0     0     0     0     1     0     0     0


beta(:,:,1) =

    -1    -1    -1    -1    -1    -1    -1    -1    -1    -1    -1
    -1    -1    -1    -1    -1    -1    -1    -1    -1    -1    -1
    -1    -1    -1    -1    -1    -1    -1    -1    -1    -1    -1
    -1    -1    -1    -1    -1    -1    -1    -1    -1    -1    -1
    -1    -1    -1    -1    -1    -1    -1    -1    -1    -1    -1
    -1    -1    -1    -1    -1    -1    -1    -1    -1    -1    -1
    -1    -1    -1    -1    -1    -1    -1    -1    -1    -1    -1
    -1    -1    -1    -1    -1    -1    -1    -1    -1    -1    -1
    -1    -1    -1    -1    -1    -1    -1    -1    -1    -1    -1
    -1    -1    -1    -1    -1    -1    -1    -1    -1    -1    -1
    -1    -1    -1    -1    -1    -1    -1    -1    -1    -1    -1


beta(:,:,2) =

    -1    -1    -1    -1    -1    -1    -1    -1    -1    -1    -1
    -1    -1    -1    -1    -1    -1    -1    -1    -1    -1    -1
    -1    -1    -1    -1    -1    -1    -1    -1    -1    -1    -1
    -1    -1    -1    -1    -1    -1    -1    -1    -1    -1    -1
    -1    -1    -1    -1    -1    -1    -1    -1    -1    -1    -1
    -1    -1    -1    -1    -1    -1    -1    -1    -1    -1    -1
    -1    -1    -1    -1    -1    -1    -1    -1    -1    -1    -1
    -1    -1    -1    -1    -1    -1    -1    -1    -1    -1    -1
    -1    -1    -1    -1    -1    -1    -1    -1    -1    -1    -1
    -1    -1    -1    -1    -1    -1    -1    -1    -1    -1    -1
    -1    -1    -1    -1    -1    -1    -1    -1    -1    -1    -1


x(:,:,1,1) =

    -1    -1     1    -1    -1    -1    -1    -1    -1    -1    -1
    -1    -1    -1    -1     0    -1    -1    -1    -1    -1    -1
    -1    -1    -1     1    -1    -1    -1     1     1    -1    -1
    -1    -1    -1    -1    -1     1    -1    -1    -1    -1    -1
    -1    -1    -1     0    -1    -1     0    -1    -1    -1    -1
    -1    -1    -1    -1    -1    -1     1    -1     0     1    -1
    -1    -1    -1    -1    -1    -1    -1    -1    -1    -1    -1
    -1    -1    -1    -1    -1    -1    -1    -1    -1    -1    -1
    -1    -1    -1    -1    -1    -1    -1    -1    -1     1     0
    -1    -1    -1    -1    -1    -1    -1    -1    -1    -1    -1
    -1    -1    -1    -1    -1    -1    -1     0    -1    -1    -1


x(:,:,2,1) =

    -1    -1     0    -1    -1    -1    -1    -1    -1    -1    -1
    -1    -1    -1    -1     1    -1    -1    -1    -1    -1    -1
    -1    -1    -1     0    -1    -1    -1     0     0    -1    -1
    -1    -1    -1    -1    -1     1    -1    -1    -1    -1    -1
    -1    -1    -1     1    -1    -1     1    -1    -1    -1    -1
    -1    -1    -1    -1    -1    -1     1    -1     0     1    -1
    -1    -1    -1    -1    -1    -1    -1    -1    -1    -1    -1
    -1    -1    -1    -1    -1    -1    -1    -1    -1    -1    -1
    -1    -1    -1    -1    -1    -1    -1    -1    -1     0     0
    -1    -1    -1    -1    -1    -1    -1    -1    -1    -1    -1
    -1    -1    -1    -1    -1    -1    -1     0    -1    -1    -1


x(:,:,1,2) =

    -1    -1     1    -1    -1    -1    -1    -1    -1    -1    -1
    -1    -1    -1    -1     0    -1    -1    -1    -1    -1    -1
    -1    -1    -1     1    -1    -1    -1     0     1    -1    -1
    -1    -1    -1    -1    -1     1    -1    -1    -1    -1    -1
    -1    -1    -1     0    -1    -1     0    -1    -1    -1    -1
    -1    -1    -1    -1    -1    -1     1    -1     0     1    -1
    -1    -1    -1    -1    -1    -1    -1    -1    -1    -1    -1
    -1    -1    -1    -1    -1    -1    -1    -1    -1    -1    -1
    -1    -1    -1    -1    -1    -1    -1    -1    -1     1     1
    -1    -1    -1    -1    -1    -1    -1    -1    -1    -1    -1
    -1    -1    -1    -1    -1    -1    -1     1    -1    -1    -1


x(:,:,2,2) =

    -1    -1     0    -1    -1    -1    -1    -1    -1    -1    -1
    -1    -1    -1    -1     1    -1    -1    -1    -1    -1    -1
    -1    -1    -1     0    -1    -1    -1     0     0    -1    -1
    -1    -1    -1    -1    -1     1    -1    -1    -1    -1    -1
    -1    -1    -1     1    -1    -1     1    -1    -1    -1    -1
    -1    -1    -1    -1    -1    -1     1    -1     0     1    -1
    -1    -1    -1    -1    -1    -1    -1    -1    -1    -1    -1
    -1    -1    -1    -1    -1    -1    -1    -1    -1    -1    -1
    -1    -1    -1    -1    -1    -1    -1    -1    -1     0     0
    -1    -1    -1    -1    -1    -1    -1    -1    -1    -1    -1
    -1    -1    -1    -1    -1    -1    -1     0    -1    -1    -1


f(:,:,1,1) =

    -1    -1     1    -1    -1    -1    -1    -1    -1    -1    -1
    -1    -1    -1    -1    -1    -1    -1    -1    -1    -1    -1
    -1    -1    -1     1    -1    -1    -1    -1    -1    -1    -1
    -1    -1    -1    -1    -1     1    -1    -1    -1    -1    -1
    -1    -1    -1    -1    -1    -1    -1    -1    -1    -1    -1
    -1    -1    -1    -1    -1    -1     1    -1    -1    -1    -1
    -1    -1    -1    -1    -1    -1    -1    -1    -1    -1    -1
    -1    -1    -1    -1    -1    -1    -1    -1    -1    -1    -1
    -1    -1    -1    -1    -1    -1    -1    -1    -1    -1    -1
    -1    -1    -1    -1    -1    -1    -1    -1    -1    -1    -1
    -1    -1    -1    -1    -1    -1    -1    -1    -1    -1    -1


f(:,:,2,1) =

    -1    -1    -1    -1    -1    -1    -1    -1    -1    -1    -1
    -1    -1    -1    -1     1    -1    -1    -1    -1    -1    -1
    -1    -1    -1    -1    -1    -1    -1    -1    -1    -1    -1
    -1    -1    -1    -1    -1     0    -1    -1    -1    -1    -1
    -1    -1    -1     0    -1    -1     1    -1    -1    -1    -1
    -1    -1    -1    -1    -1    -1     0    -1    -1    -1    -1
    -1    -1    -1    -1    -1    -1    -1    -1    -1    -1    -1
    -1    -1    -1    -1    -1    -1    -1    -1    -1    -1    -1
    -1    -1    -1    -1    -1    -1    -1    -1    -1    -1    -1
    -1    -1    -1    -1    -1    -1    -1    -1    -1    -1    -1
    -1    -1    -1    -1    -1    -1    -1    -1    -1    -1    -1


f(:,:,1,2) =

    -1    -1     1    -1    -1    -1    -1    -1    -1    -1    -1
    -1    -1    -1    -1    -1    -1    -1    -1    -1    -1    -1
    -1    -1    -1     0    -1    -1    -1     1     0    -1    -1
    -1    -1    -1    -1    -1     0    -1    -1    -1    -1    -1
    -1    -1    -1    -1    -1    -1    -1    -1    -1    -1    -1
    -1    -1    -1    -1    -1    -1    -1    -1     0    -1    -1
    -1    -1    -1    -1    -1    -1    -1    -1    -1    -1    -1
    -1    -1    -1    -1    -1    -1    -1    -1    -1    -1    -1
    -1    -1    -1    -1    -1    -1    -1    -1    -1    -1     0
    -1    -1    -1    -1    -1    -1    -1    -1    -1    -1    -1
    -1    -1    -1    -1    -1    -1    -1     0    -1    -1    -1


f(:,:,2,2) =

    -1    -1    -1    -1    -1    -1    -1    -1    -1    -1    -1
    -1    -1    -1    -1    -1    -1    -1    -1    -1    -1    -1
    -1    -1    -1    -1    -1    -1    -1    -1    -1    -1    -1
    -1    -1    -1    -1    -1    -1    -1    -1    -1    -1    -1
    -1    -1    -1    -1    -1    -1    -1    -1    -1    -1    -1
    -1    -1    -1    -1    -1    -1    -1    -1    -1    -1    -1
    -1    -1    -1    -1    -1    -1    -1    -1    -1    -1    -1
    -1    -1    -1    -1    -1    -1    -1    -1    -1    -1    -1
    -1    -1    -1    -1    -1    -1    -1    -1    -1    -1    -1
    -1    -1    -1    -1    -1    -1    -1    -1    -1    -1    -1
    -1    -1    -1    -1    -1    -1    -1    -1    -1    -1    -1


min_cost_idx =

     1     2


z(:,:,1) =

     0     0     1     0     0     0     0     0     0     0     0
     0     0     0     0     1     0     0     0     0     0     0
     0     0     0     1     0     0     0     1     1     0     0
     0     0     0     0     0     1     0     0     0     0     0
     0     0     0     1     0     0     1     0     0     0     0
     0     0     0     0     0     0     1     0     0     1     0
     0     0     0     0     0     0     0     0     0     0     0
     0     0     0     0     0     0     0     0     0     0     0
     0     0     0     0     0     0     0     0     0     1     0
     0     0     0     0     0     0     0     0     0     0     0
     0     0     0     0     0     0     0     0     0     0     0


z(:,:,2) =

     0     0     1     0     0     0     0     0     0     0     0
     0     0     0     0     1     0     0     0     0     0     0
     0     0     0     1     0     0     0     0     1     0     0
     0     0     0     0     0     1     0     0     0     0     0
     0     0     0     1     0     0     1     0     0     0     0
     0     0     0     0     0     0     1     0     0     1     0
     0     0     0     0     0     0     0     0     0     0     0
     0     0     0     0     0     0     0     0     0     0     0
     0     0     0     0     0     0     0     0     0     1     1
     0     0     0     0     0     0     0     0     0     0     0
     0     0     0     0     0     0     0     1     0     0     0


beta(:,:,1) =

    -1    -1    -1    -1    -1    -1    -1    -1    -1    -1    -1
    -1    -1    -1    -1    -1    -1    -1    -1    -1    -1    -1
    -1    -1    -1    -1    -1    -1    -1    -1    -1    -1    -1
    -1    -1    -1    -1    -1    -1    -1    -1    -1    -1    -1
    -1    -1    -1    -1    -1    -1    -1    -1    -1    -1    -1
    -1    -1    -1    -1    -1    -1    -1    -1    -1    -1    -1
    -1    -1    -1    -1    -1    -1    -1    -1    -1    -1    -1
    -1    -1    -1    -1    -1    -1    -1    -1    -1    -1    -1
    -1    -1    -1    -1    -1    -1    -1    -1    -1    -1    -1
    -1    -1    -1    -1    -1    -1    -1    -1    -1    -1    -1
    -1    -1    -1    -1    -1    -1    -1    -1    -1    -1    -1


beta(:,:,2) =

    -1    -1    -1    -1    -1    -1    -1    -1    -1    -1    -1
    -1    -1    -1    -1    -1    -1    -1    -1    -1    -1    -1
    -1    -1    -1    -1    -1    -1    -1    -1    -1    -1    -1
    -1    -1    -1    -1    -1    -1    -1    -1    -1    -1    -1
    -1    -1    -1    -1    -1    -1    -1    -1    -1    -1    -1
    -1    -1    -1    -1    -1    -1    -1    -1    -1    -1    -1
    -1    -1    -1    -1    -1    -1    -1    -1    -1    -1    -1
    -1    -1    -1    -1    -1    -1    -1    -1    -1    -1    -1
    -1    -1    -1    -1    -1    -1    -1    -1    -1    -1    -1
    -1    -1    -1    -1    -1    -1    -1    -1    -1    -1    -1
    -1    -1    -1    -1    -1    -1    -1    -1    -1    -1    -1


x(:,:,1,1) =

    -1    -1     1    -1    -1    -1    -1    -1    -1    -1    -1
    -1    -1    -1    -1     0    -1    -1    -1    -1    -1    -1
    -1    -1    -1     1    -1    -1    -1     1     1    -1    -1
    -1    -1    -1    -1    -1     1    -1    -1    -1    -1    -1
    -1    -1    -1     0    -1    -1     0    -1    -1    -1    -1
    -1    -1    -1    -1    -1    -1     1    -1     0     1    -1
    -1    -1    -1    -1    -1    -1    -1    -1    -1    -1    -1
    -1    -1    -1    -1    -1    -1    -1    -1    -1    -1    -1
    -1    -1    -1    -1    -1    -1    -1    -1    -1     1     0
    -1    -1    -1    -1    -1    -1    -1    -1    -1    -1    -1
    -1    -1    -1    -1    -1    -1    -1     0    -1    -1    -1


x(:,:,2,1) =

    -1    -1     0    -1    -1    -1    -1    -1    -1    -1    -1
    -1    -1    -1    -1     1    -1    -1    -1    -1    -1    -1
    -1    -1    -1     0    -1    -1    -1     0     0    -1    -1
    -1    -1    -1    -1    -1     1    -1    -1    -1    -1    -1
    -1    -1    -1     1    -1    -1     1    -1    -1    -1    -1
    -1    -1    -1    -1    -1    -1     1    -1     0     1    -1
    -1    -1    -1    -1    -1    -1    -1    -1    -1    -1    -1
    -1    -1    -1    -1    -1    -1    -1    -1    -1    -1    -1
    -1    -1    -1    -1    -1    -1    -1    -1    -1     0     0
    -1    -1    -1    -1    -1    -1    -1    -1    -1    -1    -1
    -1    -1    -1    -1    -1    -1    -1     0    -1    -1    -1


x(:,:,1,2) =

    -1    -1     1    -1    -1    -1    -1    -1    -1    -1    -1
    -1    -1    -1    -1     0    -1    -1    -1    -1    -1    -1
    -1    -1    -1     1    -1    -1    -1     0     1    -1    -1
    -1    -1    -1    -1    -1     1    -1    -1    -1    -1    -1
    -1    -1    -1     0    -1    -1     0    -1    -1    -1    -1
    -1    -1    -1    -1    -1    -1     1    -1     0     1    -1
    -1    -1    -1    -1    -1    -1    -1    -1    -1    -1    -1
    -1    -1    -1    -1    -1    -1    -1    -1    -1    -1    -1
    -1    -1    -1    -1    -1    -1    -1    -1    -1     1     1
    -1    -1    -1    -1    -1    -1    -1    -1    -1    -1    -1
    -1    -1    -1    -1    -1    -1    -1     1    -1    -1    -1


x(:,:,2,2) =

    -1    -1     0    -1    -1    -1    -1    -1    -1    -1    -1
    -1    -1    -1    -1     1    -1    -1    -1    -1    -1    -1
    -1    -1    -1     0    -1    -1    -1     0     0    -1    -1
    -1    -1    -1    -1    -1     1    -1    -1    -1    -1    -1
    -1    -1    -1     1    -1    -1     1    -1    -1    -1    -1
    -1    -1    -1    -1    -1    -1     1    -1     0     1    -1
    -1    -1    -1    -1    -1    -1    -1    -1    -1    -1    -1
    -1    -1    -1    -1    -1    -1    -1    -1    -1    -1    -1
    -1    -1    -1    -1    -1    -1    -1    -1    -1     0     0
    -1    -1    -1    -1    -1    -1    -1    -1    -1    -1    -1
    -1    -1    -1    -1    -1    -1    -1     0    -1    -1    -1


f(:,:,1,1) =

    -1    -1     1    -1    -1    -1    -1    -1    -1    -1    -1
    -1    -1    -1    -1    -1    -1    -1    -1    -1    -1    -1
    -1    -1    -1     1    -1    -1    -1    -1    -1    -1    -1
    -1    -1    -1    -1    -1     1    -1    -1    -1    -1    -1
    -1    -1    -1    -1    -1    -1    -1    -1    -1    -1    -1
    -1    -1    -1    -1    -1    -1     1    -1    -1    -1    -1
    -1    -1    -1    -1    -1    -1    -1    -1    -1    -1    -1
    -1    -1    -1    -1    -1    -1    -1    -1    -1    -1    -1
    -1    -1    -1    -1    -1    -1    -1    -1    -1    -1    -1
    -1    -1    -1    -1    -1    -1    -1    -1    -1    -1    -1
    -1    -1    -1    -1    -1    -1    -1    -1    -1    -1    -1


f(:,:,2,1) =

    -1    -1    -1    -1    -1    -1    -1    -1    -1    -1    -1
    -1    -1    -1    -1     1    -1    -1    -1    -1    -1    -1
    -1    -1    -1    -1    -1    -1    -1    -1    -1    -1    -1
    -1    -1    -1    -1    -1     0    -1    -1    -1    -1    -1
    -1    -1    -1     0    -1    -1     1    -1    -1    -1    -1
    -1    -1    -1    -1    -1    -1     0    -1    -1    -1    -1
    -1    -1    -1    -1    -1    -1    -1    -1    -1    -1    -1
    -1    -1    -1    -1    -1    -1    -1    -1    -1    -1    -1
    -1    -1    -1    -1    -1    -1    -1    -1    -1    -1    -1
    -1    -1    -1    -1    -1    -1    -1    -1    -1    -1    -1
    -1    -1    -1    -1    -1    -1    -1    -1    -1    -1    -1


f(:,:,1,2) =

    -1    -1     1    -1    -1    -1    -1    -1    -1    -1    -1
    -1    -1    -1    -1    -1    -1    -1    -1    -1    -1    -1
    -1    -1    -1     0    -1    -1    -1     1     0    -1    -1
    -1    -1    -1    -1    -1     0    -1    -1    -1    -1    -1
    -1    -1    -1    -1    -1    -1    -1    -1    -1    -1    -1
    -1    -1    -1    -1    -1    -1    -1    -1     0    -1    -1
    -1    -1    -1    -1    -1    -1    -1    -1    -1    -1    -1
    -1    -1    -1    -1    -1    -1    -1    -1    -1    -1    -1
    -1    -1    -1    -1    -1    -1    -1    -1    -1    -1     0
    -1    -1    -1    -1    -1    -1    -1    -1    -1    -1    -1
    -1    -1    -1    -1    -1    -1    -1     0    -1    -1    -1


f(:,:,2,2) =

    -1    -1    -1    -1    -1    -1    -1    -1    -1    -1    -1
    -1    -1    -1    -1    -1    -1    -1    -1    -1    -1    -1
    -1    -1    -1    -1    -1    -1    -1    -1    -1    -1    -1
    -1    -1    -1    -1    -1    -1    -1    -1    -1    -1    -1
    -1    -1    -1    -1    -1    -1    -1    -1    -1    -1    -1
    -1    -1    -1    -1    -1    -1    -1    -1    -1    -1    -1
    -1    -1    -1    -1    -1    -1    -1    -1    -1    -1    -1
    -1    -1    -1    -1    -1    -1    -1    -1    -1    -1    -1
    -1    -1    -1    -1    -1    -1    -1    -1    -1    -1    -1
    -1    -1    -1    -1    -1    -1    -1    -1    -1    -1    -1
    -1    -1    -1    -1    -1    -1    -1    -1    -1    -1    -1

