
z =

     0     0     1     0     0     0     0     0     0     0     0
     0     0     0     0     1     0     0     0     0     0     0
     0     0     0     1     0     0     0     1     1     0     0
     0     0     0     0     0     1     0     0     0     0     0
     0     0     0     1     0     0     1     0     0     0     0
     0     0     0     0     0     0     1     0     0     1     0
     0     0     0     0     0     0     0     0     0     0     0
     0     0     0     0     0     0     0     0     0     0     0
     0     0     0     0     0     0     0     0     0     1     0
     0     0     0     0     0     0     0     0     0     0     0
     0     0     0     0     0     0     0     0     0     0     0

\n------------------\n

Usum =

    11


z =

     0     0     1     0     0     0     0     0     0     0     0
     0     0     0     0     1     0     0     0     0     0     0
     0     0     0     1     0     0     0     0     1     0     0
     0     0     0     0     0     1     0     0     0     0     0
     0     0     0     1     0     0     1     0     0     0     0
     0     0     0     0     0     0     1     0     0     1     0
     0     0     0     0     0     0     0     0     0     0     0
     0     0     0     0     0     0     0     0     0     0     0
     0     0     0     0     0     0     0     0     0     1     1
     0     0     0     0     0     0     0     0     0     0     0
     0     0     0     0     0     0     0     1     0     0     0

\n------------------\n

Usum =

    12

