
f(:,:,1,1) =

    -1    -1     1    -1    -1    -1    -1    -1    -1    -1    -1
    -1    -1    -1    -1    -1    -1    -1    -1    -1    -1    -1
    -1    -1    -1     1    -1    -1    -1    -1    -1    -1    -1
    -1    -1    -1    -1    -1     1    -1    -1    -1    -1    -1
    -1    -1    -1    -1    -1    -1    -1    -1    -1    -1    -1
    -1    -1    -1    -1    -1    -1     1    -1    -1    -1    -1
    -1    -1    -1    -1    -1    -1    -1    -1    -1    -1    -1
    -1    -1    -1    -1    -1    -1    -1    -1    -1    -1    -1
    -1    -1    -1    -1    -1    -1    -1    -1    -1    -1    -1
    -1    -1    -1    -1    -1    -1    -1    -1    -1    -1    -1
    -1    -1    -1    -1    -1    -1    -1    -1    -1    -1    -1


f(:,:,2,1) =

    -1    -1    -1    -1    -1    -1    -1    -1    -1    -1    -1
    -1    -1    -1    -1     1    -1    -1    -1    -1    -1    -1
    -1    -1    -1    -1    -1    -1    -1    -1    -1    -1    -1
    -1    -1    -1    -1    -1     0    -1    -1    -1    -1    -1
    -1    -1    -1     0    -1    -1     1    -1    -1    -1    -1
    -1    -1    -1    -1    -1    -1     0    -1    -1    -1    -1
    -1    -1    -1    -1    -1    -1    -1    -1    -1    -1    -1
    -1    -1    -1    -1    -1    -1    -1    -1    -1    -1    -1
    -1    -1    -1    -1    -1    -1    -1    -1    -1    -1    -1
    -1    -1    -1    -1    -1    -1    -1    -1    -1    -1    -1
    -1    -1    -1    -1    -1    -1    -1    -1    -1    -1    -1


f(:,:,1,2) =

    -1    -1     1    -1    -1    -1    -1    -1    -1    -1    -1
    -1    -1    -1    -1    -1    -1    -1    -1    -1    -1    -1
    -1    -1    -1     0    -1    -1    -1     0     1    -1    -1
    -1    -1    -1    -1    -1     0    -1    -1    -1    -1    -1
    -1    -1    -1    -1    -1    -1    -1    -1    -1    -1    -1
    -1    -1    -1    -1    -1    -1    -1    -1     0    -1    -1
    -1    -1    -1    -1    -1    -1    -1    -1    -1    -1    -1
    -1    -1    -1    -1    -1    -1    -1    -1    -1    -1    -1
    -1    -1    -1    -1    -1    -1    -1    -1    -1    -1     1
    -1    -1    -1    -1    -1    -1    -1    -1    -1    -1    -1
    -1    -1    -1    -1    -1    -1    -1     1    -1    -1    -1


f(:,:,2,2) =

    -1    -1    -1    -1    -1    -1    -1    -1    -1    -1    -1
    -1    -1    -1    -1    -1    -1    -1    -1    -1    -1    -1
    -1    -1    -1    -1    -1    -1    -1    -1    -1    -1    -1
    -1    -1    -1    -1    -1    -1    -1    -1    -1    -1    -1
    -1    -1    -1    -1    -1    -1    -1    -1    -1    -1    -1
    -1    -1    -1    -1    -1    -1    -1    -1    -1    -1    -1
    -1    -1    -1    -1    -1    -1    -1    -1    -1    -1    -1
    -1    -1    -1    -1    -1    -1    -1    -1    -1    -1    -1
    -1    -1    -1    -1    -1    -1    -1    -1    -1    -1    -1
    -1    -1    -1    -1    -1    -1    -1    -1    -1    -1    -1
    -1    -1    -1    -1    -1    -1    -1    -1    -1    -1    -1


f(:,:,1,3) =

    -1    -1     1    -1    -1    -1    -1    -1    -1    -1    -1
    -1    -1    -1    -1    -1    -1    -1    -1    -1    -1    -1
    -1    -1    -1     0    -1    -1    -1    -1     1    -1    -1
    -1    -1    -1    -1    -1     0    -1    -1    -1    -1    -1
    -1    -1    -1    -1    -1    -1    -1    -1    -1    -1    -1
    -1    -1    -1    -1    -1    -1    -1    -1     0     0    -1
    -1    -1    -1    -1    -1    -1    -1    -1    -1    -1    -1
    -1    -1    -1    -1    -1    -1    -1    -1    -1    -1    -1
    -1    -1    -1    -1    -1    -1    -1    -1    -1     1    -1
    -1    -1    -1    -1    -1    -1    -1    -1    -1    -1    -1
    -1    -1    -1    -1    -1    -1    -1    -1    -1    -1    -1


f(:,:,2,3) =

    -1    -1    -1    -1    -1    -1    -1    -1    -1    -1    -1
    -1    -1    -1    -1     1    -1    -1    -1    -1    -1    -1
    -1    -1    -1    -1    -1    -1    -1    -1    -1    -1    -1
    -1    -1    -1    -1    -1     1    -1    -1    -1    -1    -1
    -1    -1    -1     1    -1    -1    -1    -1    -1    -1    -1
    -1    -1    -1    -1    -1    -1    -1    -1     0     1    -1
    -1    -1    -1    -1    -1    -1    -1    -1    -1    -1    -1
    -1    -1    -1    -1    -1    -1    -1    -1    -1    -1    -1
    -1    -1    -1    -1    -1    -1    -1    -1    -1     0    -1
    -1    -1    -1    -1    -1    -1    -1    -1    -1    -1    -1
    -1    -1    -1    -1    -1    -1    -1    -1    -1    -1    -1


x(:,:,1) =

    -1    -1     1    -1    -1    -1    -1    -1    -1    -1    -1
    -1    -1    -1    -1     0    -1    -1    -1    -1    -1    -1
    -1    -1    -1     1    -1    -1    -1     0     1    -1    -1
    -1    -1    -1    -1    -1     1    -1    -1    -1    -1    -1
    -1    -1    -1     0    -1    -1     0    -1    -1    -1    -1
    -1    -1    -1    -1    -1    -1     1    -1     0     1    -1
    -1    -1    -1    -1    -1    -1    -1    -1    -1    -1    -1
    -1    -1    -1    -1    -1    -1    -1    -1    -1    -1    -1
    -1    -1    -1    -1    -1    -1    -1    -1    -1     1     1
    -1    -1    -1    -1    -1    -1    -1    -1    -1    -1    -1
    -1    -1    -1    -1    -1    -1    -1     1    -1    -1    -1


x(:,:,2) =

    -1    -1     0    -1    -1    -1    -1    -1    -1    -1    -1
    -1    -1    -1    -1     1    -1    -1    -1    -1    -1    -1
    -1    -1    -1     0    -1    -1    -1     0     0    -1    -1
    -1    -1    -1    -1    -1     1    -1    -1    -1    -1    -1
    -1    -1    -1     1    -1    -1     1    -1    -1    -1    -1
    -1    -1    -1    -1    -1    -1     1    -1     0     1    -1
    -1    -1    -1    -1    -1    -1    -1    -1    -1    -1    -1
    -1    -1    -1    -1    -1    -1    -1    -1    -1    -1    -1
    -1    -1    -1    -1    -1    -1    -1    -1    -1     0     0
    -1    -1    -1    -1    -1    -1    -1    -1    -1    -1    -1
    -1    -1    -1    -1    -1    -1    -1     0    -1    -1    -1

