
costs =

    -1    -1    -1    -1


costs =

     5     5     5     5


costs =

     5     5     5     5


costs =

     7     7     7     7


costs =

    -1    -1    -1    -1


costs =

     7     7     7     7


costs =

     8     8    -1     8


costs =

     5     5     5     5


costs =

    -1    -1    -1    -1


costs =

     5     5     5     5


costs =

    10    10    -1    10


costs =

    -1    -1    -1    -1


costs =

     5     5     5     5


costs =

     6     6     6     6


costs =

    -1    -1    -1    -1


costs =

     8     8     8     8


costs =

     7     7     7     7


costs =

     5     5     5     5


costs =

    -1    -1    -1    -1


costs =

     9     9    -1     9


costs =

    -1    -1    -1    -1


costs =

     9     9    -1     9


costs =

    -1    -1    -1    -1


costs =

    14    14    -1    14


costs =

    -1    -1    -1    -1


costs =

     6     6     6     6
    -1    -1    -1    -1
    -1    -1    -1    -1
     5     5     5     5
    -1    -1    -1    -1
    -1    -1    -1    -1
    -1    -1    -1    -1
    -1    -1    -1    -1
    -1    -1    -1    -1
    -1    -1    -1    -1
    -1    -1    -1    -1
     6     6     6     6


costs =

     7     7     7     7
     7     7     7     7
     7     7     7     7
     9     9     9     9
     8     8     8     8
     8     8     8     8
     8     8     8     8
    -1    -1    -1    -1
     8     8     8     8
     8     8     8     8
    -1    -1    -1    -1
     5     5     5     5


costs =

    -1    -1    -1    -1
    16    16    16    16
    10    10    10    10
    -1    -1    -1    -1
    -1    -1    -1    -1
    -1    -1    -1    -1
    -1    -1    -1    -1
    13    13    13    13
    -1    -1    -1    -1
    -1    -1    -1    -1
    -1    -1    -1    -1
    -1    -1    -1    -1


costs =

    11    11    -1    -1


costs =

    -1    -1    -1    -1
     8     8     8     8
    -1    -1    -1    -1
    -1    -1    -1    -1
    13    13    13    13
     9     9     9     9
    14    14    14    14
    -1    -1    -1    -1
    -1    -1    -1    -1
    -1    -1    -1    -1
    12    12    12    12
    10    10    10    10
    -1    -1    -1    -1
    12    12    12    12
    -1    -1    -1    -1
    -1    -1    -1    -1
    11    11    11    11
    -1    -1    -1    -1
     9     9     9     9
    -1    -1    -1    -1
     9     9     9     9
    -1    -1    -1    -1
    -1    -1    -1    -1
    12    12    12    12
    -1    -1    -1    -1
    -1    -1    -1    -1
     9     9     9     9
    12    12    12    12
    11    11    11    11
    -1    -1    -1    -1
    -1    -1    -1    -1
    10    10    10    10
    -1    -1    -1    -1
    12    12    12    12
    11    11    11    11
    11    11    11    11
    -1    -1    -1    -1
    -1    -1    -1    -1
    -1    -1    -1    -1
    13    13    13    13
    12    12    12    12
    -1    -1    -1    -1
    11    11    11    11
    15    15    15    15
    -1    -1    -1    -1
    11    11    11    11
    -1    -1    -1    -1
    -1    -1    -1    -1
    -1    -1    -1    -1
    -1    -1    -1    -1
    10    10    10    10
    13    13    13    13
    -1    -1    -1    -1
    -1    -1    -1    -1
    12    12    12    12
    15    15    15    15
    -1    -1    -1    -1
    -1    -1    -1    -1
    10    10    10    10
    -1    -1    -1    -1
    -1    -1    -1    -1
    14    14    14    14
    13    13    13    13
    -1    -1    -1    -1
    -1    -1    -1    -1
    -1    -1    -1    -1
    -1    -1    -1    -1
    14    14    14    14
    12    12    12    12
     9     9     9     9
    14    14    14    14
    12    12    12    12
    11    11    11    11
    -1    -1    -1    -1
    12    12    12    12
    -1    -1    -1    -1
    11    11    11    11
    12    12    12    12
     9     9     9     9
    13    13    13    13
    14    14    14    14
    -1    -1    -1    -1
    13    13    13    13
    -1    -1    -1    -1
    -1    -1    -1    -1
    15    15    15    15
    -1    -1    -1    -1
    10    10    10    10
    -1    -1    -1    -1
    -1    -1    -1    -1
    -1    -1    -1    -1
    14    14    14    14
    14    14    14    14
    13    13    13    13
    -1    -1    -1    -1
    12    12    12    12
     9     9     9     9
    -1    -1    -1    -1
    12    12    12    12
    -1    -1    -1    -1
    13    13    13    13
    11    11    11    11
    -1    -1    -1    -1
    -1    -1    -1    -1
    -1    -1    -1    -1
    11    11    11    11
    -1    -1    -1    -1
    -1    -1    -1    -1
    -1    -1    -1    -1
    11    11    11    11
    14    14    14    14
    14    14    14    14
    15    15    15    15
    -1    -1    -1    -1
    -1    -1    -1    -1
     9     9     9     9
    -1    -1    -1    -1
    10    10    10    10
    -1    -1    -1    -1
    -1    -1    -1    -1


costs =

    10    10    10    10


costs =

     5     5     5     5


costs =

     6     6     6     6


costs =

     8     8     8     8


costs =

     8     8     8     8


costs =

     7     7     7     7


costs =

    -1    -1    -1    -1


costs =

     7     7     7     7


costs =

    -1    -1    -1    -1


costs =

     7     7     7     7


costs =

    11    11    11    11


costs =

     7     7     7     7


costs =

    10    10    10    10


costs =

     9     9     9     9


costs =

    -1    -1    -1    -1


costs =

     9     9     9     9


costs =

     9     9     9     9


costs =

    -1    -1    -1    -1


costs =

    10    10    10    10


costs =

    -1    -1    -1    -1


costs =

    10    10    10    10


costs =

    18    18    -1    18


costs =

    18    18    -1    18


costs =

    18    18    -1    18


costs =

    18    18    -1    18


costs =

    17    17    -1    17


costs =

    17    17    -1    17


costs =

    18    18    -1    18


costs =

    16    16    -1    16


costs =

    18    18    -1    18


costs =

    16    16    -1    16


costs =

    18    18    -1    18


costs =

    16    16    -1    16


costs =

    16    16    -1    16


costs =

    18    18    -1    18


costs =

    18    18    -1    18


costs =

    16    16    -1    16


costs =

     0     0     0    16


costs =

     0     0     0    18


costs =

     0     0     0    18


costs =

     0     0     0    18


costs =

     0     0     0    18


costs =

     0     0     0    18


costs =

     0     0     0    18


costs =

     0     0     0    16


costs =

     0     0     0    16


costs =

     0     0     0    16


costs =

     0     0     0    16


costs =

     0     0     0    16


costs =

     0     0     0    16


costs =

     0     0     0    16


costs =

     0     0     0    16


costs =

     0     0     0    16


costs =

     0     0     0    16


costs =

     0     0     0    -1


costs =

     0     0     0    -1


costs =

     0     0     0    -1


costs =

     0     0     0    -1


costs =

    -1    -1    -1    -1


costs =

    -1    -1    -1    -1


costs =

    -1    -1    -1    -1


costs =

    -1    -1    -1    -1


costs =

    11    11    11    11


costs =

    -1    -1    -1    -1


costs =

    11    11    11    11


costs =

    10    10    10    10


costs =

    10    10    10    10


costs =

    11    11    11    11


costs =

     8     8     8     8


costs =

    10    10    10    10


costs =

    10    10    10    10


costs =

    -1    -1    -1    -1


costs =

    -1    -1    -1    -1


costs =

     9     9     9     9


costs =

    -1    -1    -1    -1


costs =

     9     9     9     9


costs =

    -1    -1    -1    -1


costs =

     9     9     9     9


costs =

    -1    -1    -1    -1


costs =

     0     0     0    -1


costs =

     0     0     0    -1


costs =

     0     0     0    -1


costs =

     0     0     0    -1


costs =

     0     0     0    -1


costs =

    -1    -1    -1    -1


costs =

    -1     0     0     0


costs =

    -1     0     0     0


costs =

    -1     0     0     0


costs =

    -1     0     0     0


costs =

    -1     0     0     0


costs =

    -1     0     0     0


costs =

    -1     0     0     0


costs =

    -1     0     0     0


costs =

    -1     0     0     0


costs =

    -1     0     0     0


costs =

    -1     0     0     0


costs =

    -1     0     0     0


costs =

    -1     0     0     0


costs =

    -1     0     0     0


costs =

    -1     0     0     0


costs =

    -1     0     0     0


costs =

    -1     0     0     0


costs =

    -1     0     0     0


costs =

    -1     0     0     0


costs =

    -1     0     0     0


costs =

    -1     0     0     0


costs =

    -1     0     0     0


costs =

    -1     0     0     0


costs =

    -1     0     0     0


costs =

    -1     0     0     0


costs =

    -1     0     0     0


costs =

    -1     0     0     0


costs =

    -1     0     0     0


costs =

    -1     0     0     0


costs =

    -1     0     0     0


costs =

    -1     0     0     0


costs =

    19     0     0     0


costs =

    19     0     0     0


costs =

    19     0     0     0


costs =

    19     0     0     0


costs =

    19     0     0     0


costs =

    19     0     0     0


costs =

    14     0     0     0


costs =

    14     0     0     0


costs =

    -1     0     0     0


costs =

    -1     0     0     0


costs =

    11     0     0     0


costs =

    11     0     0     0


costs =

    11     0     0     0


costs =

    11     0     0     0


costs =

    11     0     0     0


costs =

    11    11    -1    -1


costs =

    -1    -1    -1    -1


costs =

    -1    -1    -1    -1


costs =

    -1    -1    -1    -1


costs =

    -1    -1    -1    -1


costs =

    -1    -1    -1    -1


costs =

    -1    -1    -1    -1


costs =

    -1    -1    -1    -1


costs =

    -1    -1    -1    -1


costs =

    -1    -1    -1    -1


costs =

    -1    -1    -1    -1


costs =

    11    11    -1    11


costs =

    11    11    -1    11


costs =

     0     0     0    11


costs =

     0     0     0    -1


costs =

     0     0     0    11


costs =

     0     0     0    11


costs =

     0     0     0    11


costs =

     0     0     0    11


costs =

     0     0     0    11


costs =

     0     0     0    11


costs =

     0     0     0    11


costs =

     0     0     0    11


costs =

     0     0     0    11


costs =

     0     0     0    11


costs =

     0     0     0    11


costs =

     0     0     0    11


costs =

     0     0     0    -1


costs =

     0     0     0    -1


costs =

     0     0     0    -1


costs =

     0     0     0    -1


costs =

     0     0     0    -1


costs =

     0     0     0    -1


costs =

     0     0     0    -1


costs =

     0     0     0    -1


costs =

     0     0     0    -1


costs =

    -1    -1    -1    -1


costs =

    -1    -1    -1    -1


costs =

    -1    -1    -1    -1


costs =

    -1    -1    -1    -1


costs =

    -1    -1    -1    -1


costs =

    -1    -1    -1    -1


costs =

    11    11    -1    11


costs =

     5     5     5     5


costs =

     4     4     4     4


costs =

     5     5     5     5


costs =

     7     7     7     7


costs =

     3     3     3     3


costs =

     5     5     5     5


costs =

     4     4     4     4


costs =

     5     5     5     5


costs =

     5     5     5     5


costs =

     5     5     5     5


costs =

     5     5     5     5


costs =

     4     4     4     4


costs =

     6     6     6     6


costs =

     5     5     5     5


costs =

     7     7     7     7


costs =

     5     5     5     5


costs =

     4     4     4     4


costs =

     8     8     8     8


costs =

     5     5     5     5


costs =

     7     7     7     7


costs =

     5     5     5     5


costs =

     5     5     5     5


costs =

     5     5     5     5


costs =

    -1    -1    -1    -1


costs =

     4     4     4     4


costs =

     5     5     5     5


costs =

     7     7     7     7
     4     4     4     4
     7     7     7     7
    -1    -1    -1    -1
     2     2     2     2
     6     6     6     6
     5     5     5     5
     5     5     5     5
     5     5     5     5
     3     3     3     3
     4     4     4     4
    -1    -1    -1    -1
     5     5     5     5
     4     4     4     4
     6     6     6     6
    -1    -1    -1    -1
    -1    -1    -1    -1
     6     6     6     6
     6     6     6     6
     4     4     4     4
     4     4     4     4
     8     8     8     8
     7     7     7     7
     5     5     5     5
     6     6     6     6
    -1    -1    -1    -1
     6     6     6     6
     8     8     8     8
     7     7     7     7
     4     4     4     4
     5     5     5     5
     6     6     6     6
     7     7     7     7
     4     4     4     4
    -1    -1    -1    -1
     5     5     5     5
     5     5     5     5
     3     3     3     3
     3     3     3     3
     5     5     5     5
    -1    -1    -1    -1
     3     3     3     3
    -1    -1    -1    -1
     8     8     8     8
     6     6     6     6
     3     3     3     3
     4     4     4     4
    -1    -1    -1    -1
     5     5     5     5
     3     3     3     3
     3     3     3     3
     6     6     6     6
     5     5     5     5
     5     5     5     5
     4     4     4     4
    -1    -1    -1    -1
     7     7     7     7
     6     6     6     6
     4     4     4     4
    -1    -1    -1    -1
    -1    -1    -1    -1
     5     5     5     5
     7     7     7     7
     5     5     5     5
    -1    -1    -1    -1
     4     4     4     4
     4     4     4     4
     5     5     5     5
     5     5     5     5
     5     5     5     5
     5     5     5     5
     5     5     5     5
     4     4     4     4
     5     5     5     5
     4     4     4     4
    -1    -1    -1    -1
     6     6     6     6
     4     4     4     4
     4     4     4     4
     8     8     8     8
     2     2     2     2
     4     4     4     4
     5     5     5     5
     3     3     3     3
    -1    -1    -1    -1
     5     5     5     5
     5     5     5     5
    -1    -1    -1    -1
     4     4     4     4
     5     5     5     5
     5     5     5     5
    -1    -1    -1    -1
    -1    -1    -1    -1
     6     6     6     6
    -1    -1    -1    -1
     5     5     5     5
     4     4     4     4
     4     4     4     4
     4     4     4     4
     5     5     5     5


costs =

     6     6     6     6
     7     7     7     7
     7     7     7     7
     8     8     8     8
     7     7     7     7
    -1    -1    -1    -1
     4     4     4     4
    -1    -1    -1    -1
     9     9     9     9
    -1    -1    -1    -1
    -1    -1    -1    -1
    -1    -1    -1    -1
     5     5     5     5
    -1    -1    -1    -1
    -1    -1    -1    -1
     8     8     8     8
    -1    -1    -1    -1
     7     7     7     7
     6     6     6     6
     7     7     7     7
    -1    -1    -1    -1
    -1    -1    -1    -1
     6     6     6     6
    -1    -1    -1    -1
    -1    -1    -1    -1
     7     7     7     7
    -1    -1    -1    -1
     7     7     7     7
     6     6     6     6
     6     6     6     6
     7     7     7     7
    10    10    10    10
    -1    -1    -1    -1
    -1    -1    -1    -1
    -1    -1    -1    -1
     4     4     4     4
     5     5     5     5
    -1    -1    -1    -1
     5     5     5     5
     8     8     8     8
     6     6     6     6
    -1    -1    -1    -1
     7     7     7     7
     8     8     8     8
     5     5     5     5
     6     6     6     6
    -1    -1    -1    -1
    -1    -1    -1    -1
     7     7     7     7
    -1    -1    -1    -1
     6     6     6     6
    -1    -1    -1    -1
     9     9     9     9
    -1    -1    -1    -1
     5     5     5     5
    -1    -1    -1    -1
    -1    -1    -1    -1
     6     6     6     6
    -1    -1    -1    -1
     7     7     7     7
    -1    -1    -1    -1
     7     7     7     7
    -1    -1    -1    -1
     7     7     7     7
     5     5     5     5
    -1    -1    -1    -1
     8     8     8     8
     5     5     5     5
    -1    -1    -1    -1
     4     4     4     4
     7     7     7     7
     7     7     7     7
     6     6     6     6
    -1    -1    -1    -1
    -1    -1    -1    -1
    -1    -1    -1    -1
     5     5     5     5
     9     9     9     9
     6     6     6     6
    10    10    10    10
    -1    -1    -1    -1
     8     8     8     8
     4     4     4     4
     7     7     7     7
     7     7     7     7
    -1    -1    -1    -1
    -1    -1    -1    -1
     5     5     5     5
    -1    -1    -1    -1
     5     5     5     5
     6     6     6     6
     8     8     8     8
    -1    -1    -1    -1
     7     7     7     7
    -1    -1    -1    -1
    10    10    10    10
    -1    -1    -1    -1
     4     4     4     4
     5     5     5     5
     6     6     6     6


costs =

     5     5     5     5
     4     4     4     4
     5     5     5     5
     7     7     7     7
     3     3     3     3
     5     5     5     5
     4     4     4     4
     5     5     5     5
     5     5     5     5
     5     5     5     5


costs =

     8     8    -1     8
     4     4     4     4
     6     6     6     6
     5     5     5     5
     7     7     7     7
     5     5     5     5
     4     4     4     4
     8     8     8     8
     9     9    -1     9
     7     7     7     7


costs =

     5     5     5     5
     9     9    -1     9
     3     3     3     3
     3     3     3     3
     4     4     4     4
     7     7    -1     7
     5     5     5     5
    -1    -1    -1    -1
     4     4     4     4
     5     5     5     5


costs =

     7     7     7     7
     4     4     4     4
     8     8    -1     8
    -1    -1    -1    -1
     2     2     2     2
     6     6     6     6
     5     5     5     5
     5     5     5     5
     5     5     5     5
     3     3     3     3


costs =

    -1    -1    -1    -1
     8     8    -1     8
     4     4     4     4
     6     6     6     6
    -1    -1    -1    -1
    -1    -1    -1    -1
     6     6     6     6
     6     6     6     6
     4     4     4     4
     4     4     4     4


costs =

     5     5     5     5


costs =

     4     4     4     4


costs =

     5     5     5     5
    -1    -1    -1    -1
    -1    -1    -1    -1
     5     5     5     5
     4     4     4     4
     5     5     5     5
     5     5     5     5
    -1    -1    -1    -1
     8     8    -1     8
     7     7    -1     7


costs =

    -1    -1    -1    -1
    10    10    -1    10
    -1    -1    -1    -1
     9     9    -1     9
    10    10    -1    10
    -1    -1    -1    -1
    -1    -1    -1    -1
    -1    -1    -1    -1
    -1    -1    -1    -1
    12    12    -1    12
     6     6     6     6
    -1    -1    -1    -1
    -1    -1    -1    -1
    -1    -1    -1    -1
    -1    -1    -1    -1
     4     4     4     4
     9     9     9     9
     6     6     6     6
     7     7    -1     7
     6     6     6     6
     8     8     8     8
     6     6     6     6
     8     8     8     8
     5     5     5     5
    -1    -1    -1    -1
    10    10    -1    10
    -1    -1    -1    -1
     7     7     7     7
    -1    -1    -1    -1
     9     9    -1     9
     5     5     5     5
     7     7     7     7
    -1    -1    -1    -1
    -1    -1    -1    -1
     7     7    -1     7
    -1    -1    -1    -1
    -1    -1    -1    -1
    -1    -1    -1    -1
     5     5     5     5
    -1    -1    -1    -1
     5     5     5     5
    -1    -1    -1    -1
     8     8     8     8
    10    10    -1    10
    -1    -1    -1    -1
    -1    -1    -1    -1
     8     8     8     8
     8     8    -1     8
    -1    -1    -1    -1
     7     7    -1     7
    -1    -1    -1    -1
     4     4     4     4
     6     6     6     6
    -1    -1    -1    -1
     5     5     5     5
     7     7     7     7
    -1    -1    -1    -1
    -1    -1    -1    -1
    -1    -1    -1    -1
     8     8     8     8
    -1    -1    -1    -1
    -1    -1    -1    -1
    10    10    -1    10
    -1    -1    -1    -1
    -1    -1    -1    -1
    -1    -1    -1    -1
    10    10    10    10
    -1    -1    -1    -1
    -1    -1    -1    -1
    -1    -1    -1    -1
     8     8    -1     8
    12    12    -1    12
     5     5     5     5
    -1    -1    -1    -1
    -1    -1    -1    -1
    11    11    -1    11
    11    11    -1    11
     9     9    -1     9
    -1    -1    -1    -1
     7     7     7     7
    -1    -1    -1    -1
    -1    -1    -1    -1
    -1    -1    -1    -1
    12    12    -1    12
     6     6    -1     6
    11    11    -1    11
     6     6     6     6
    -1    -1    -1    -1
     7     7     7     7
     9     9    -1     9
    -1    -1    -1    -1
    -1    -1    -1    -1
     6     6     6     6
    10    10    -1    10
    -1    -1    -1    -1
    -1    -1    -1    -1
    -1    -1    -1    -1
    -1    -1    -1    -1
    -1    -1    -1    -1
    -1    -1    -1    -1
    10    10    -1    10
     6     6     6     6
    -1    -1    -1    -1
    -1    -1    -1    -1
    -1    -1    -1    -1
    10    10    -1    10
    -1    -1    -1    -1
     4     4     4     4
    -1    -1    -1    -1
     9     9    -1     9
    -1    -1    -1    -1
    -1    -1    -1    -1
    10    10    -1    10
    10    10    10    10
    -1    -1    -1    -1
    -1    -1    -1    -1
     6     6     6     6
     7     7     7     7
    -1    -1    -1    -1
     9     9    -1     9
     9     9    -1     9
    -1    -1    -1    -1
    12    12    12    12
    -1    -1    -1    -1
    -1    -1    -1    -1
     7     7     7     7
    -1    -1    -1    -1
     9     9    -1     9
     5     5     5     5
    -1    -1    -1    -1
    -1    -1    -1    -1
     9     9    -1     9
    -1    -1    -1    -1
    10    10    10    10
    -1    -1    -1    -1
     6     6     6     6
    -1    -1    -1    -1
    -1    -1    -1    -1
     6     6     6     6
     8     8     8     8
     9     9    -1     9
     5     5     5     5
    -1    -1    -1    -1
    -1    -1    -1    -1
     7     7     7     7
    -1    -1    -1    -1
     7     7    -1     7
    -1    -1    -1    -1
    -1    -1    -1    -1
     8     8     8     8
     6     6     6     6
     8     8     8     8
    -1    -1    -1    -1
     6     6     6     6
    -1    -1    -1    -1
    -1    -1    -1    -1
     7     7     7     7
    -1    -1    -1    -1
    11    11    -1    11
     7     7     7     7
    -1    -1    -1    -1
    -1    -1    -1    -1
     8     8    -1     8
     7     7     7     7
     6     6     6     6
     9     9    -1     9
     4     4     4     4
     5     5     5     5
    -1    -1    -1    -1
     6     6     6     6
    10    10    -1    10
     6     6     6     6
    -1    -1    -1    -1
     6     6     6     6
    -1    -1    -1    -1
    -1    -1    -1    -1
    -1    -1    -1    -1
    10    10    -1    10
    10    10    10    10
    -1    -1    -1    -1
     8     8     8     8
     6     6     6     6
     7     7     7     7
    -1    -1    -1    -1
     7     7    -1     7
     7     7     7     7
    -1    -1    -1    -1
    -1    -1    -1    -1
    -1    -1    -1    -1
    -1    -1    -1    -1
    -1    -1    -1    -1
     7     7    -1     7
     7     7     7     7
    -1    -1    -1    -1
    -1    -1    -1    -1
    -1    -1    -1    -1
     6     6    -1     6
     7     7     7     7
     6     6     6     6
     8     8    -1     8
    -1    -1    -1    -1
    12    12    -1    12
     5     5    -1     5
    -1    -1    -1    -1
    -1    -1    -1    -1
    -1    -1    -1    -1
    -1    -1    -1    -1
     6     6     6     6
    -1    -1    -1    -1
    -1    -1    -1    -1
    -1    -1    -1    -1
    -1    -1    -1    -1
    -1    -1    -1    -1
     8     8    -1     8
    -1    -1    -1    -1
     9     9     9     9
    -1    -1    -1    -1
     8     8     8     8
    -1    -1    -1    -1
     9     9     9     9
    -1    -1    -1    -1
    -1    -1    -1    -1
     6     6     6     6
    -1    -1    -1    -1
     7     7     7     7
     9     9    -1     9
     7     7    -1     7
    10    10    -1    10
    -1    -1    -1    -1
     4     4     4     4
    -1    -1    -1    -1
     9     9     9     9
    -1    -1    -1    -1
    -1    -1    -1    -1
    -1    -1    -1    -1
     9     9    -1     9
    -1    -1    -1    -1
    -1    -1    -1    -1
    -1    -1    -1    -1
    -1    -1    -1    -1
    -1    -1    -1    -1
    10    10    -1    10
    -1    -1    -1    -1
     8     8    -1     8
     7     7    -1     7
    -1    -1    -1    -1
    -1    -1    -1    -1
    -1    -1    -1    -1
    -1    -1    -1    -1
     6     6     6     6


costs =

    -1    -1    -1    -1
     5     5     5     5
     7     7     7     7
     8     8    -1     8
    -1    -1    -1    -1
     7     7     7     7
    -1    -1    -1    -1
    10    10    -1    10
     6     6     6     6
     9     9     9     9
    -1    -1    -1    -1
     6     6     6     6
    -1    -1    -1    -1
    -1    -1    -1    -1
     9     9    -1     9
     9     9    -1     9
    -1    -1    -1    -1
    10    10    10    10
     7     7    -1     7
     5     5     5     5
     6     6    -1     6
    10    10    -1    10
    10    10    -1    10
     8     8    -1     8
     9     9    -1     9


costs =

     4     4     4     4
     6     6    -1     6
    -1    -1    -1    -1
     9     9     9     9
     6     6     6     6
     6     6     6     6
    -1    -1    -1    -1
    -1    -1    -1    -1
    -1    -1    -1    -1
    -1    -1    -1    -1
     6     6     6     6
     5     5     5     5
    -1    -1    -1    -1
    -1    -1    -1    -1
    -1    -1    -1    -1
    -1    -1    -1    -1
    -1    -1    -1    -1
    -1    -1    -1    -1
    -1    -1    -1    -1
    -1    -1    -1    -1
     8     8    -1     8
     9     9     9     9
     6     6     6     6
    -1    -1    -1    -1
     7     7    -1     7


costs =

    21    21    21    21
    24    24    24    24
    25    25    25    25
    -1    -1    -1    -1
    46    46    -1    46
    35    35    35    35
    23    23    23    23
    36    36    -1    36
    26    26    26    26
    -1    -1    -1    -1


costs =

    67    67    -1    67


costs =

    71    71    -1    71


costs =

    65    65    -1    65


costs =

    51    51    -1    51


costs =

    54    54    -1    54


costs =

    -1    -1    -1    -1


costs =

    61    61    -1    61


costs =

    57    57    -1    57


costs =

    68    68    -1    60


costs =

    87    87    -1    90


costs =

    55    55    -1    51


costs =

    66    66    -1    66


costs =

    47    47    -1    47


costs =

    50    50    -1    50


costs =

    68    68    -1    68


costs =

    78    78    -1    78


costs =

    73    73    -1    73


costs =

    86    86    -1    85


costs =

    78    78    -1    78


costs =

    70    70    -1    71


costs =

    64    64    -1    64


costs =

    79    79    -1    79


costs =

    66    66    -1    66


costs =

    85    85    -1    85


costs =

    84    84    -1    84


costs =

    56    56    -1    56


costs =

    86    86    -1    86


costs =

    89    89    -1    81


costs =

    64    64    -1    64


costs =

    71    71    -1    71


costs =

    63    63    -1    63


costs =

    65    65    -1    58


costs =

    13    13    -1    13


costs =

    13    13    -1    13


costs =

    13    13    -1    13


costs =

    13    13    -1    13


costs =

    13    13    -1    13


costs =

    13    13    -1    13


costs =

    13    13    -1    13


costs =

    13    13    -1    13


costs =

    13    13    -1    13


costs =

    13    13    -1    13


costs =

    13    13    -1    13


costs =

    13    13    -1    13


costs =

    13    13    -1    13


costs =

    13    13    -1    13


costs =

    13    13    -1    13


costs =

    13    13    -1    13


costs =

    13    13    -1    13


costs =

    -1    -1    -1    -1


costs =

    -1    -1    -1    -1


costs =

    -1    -1    -1    -1


costs =

    13    13    -1    13


costs =

    13    13    -1    13


costs =

    13    13    -1    13


costs =

    13    13    -1    13


costs =

    13    13    -1    13


costs =

   361   361   361   361


costs =

   361   361   361   361


costs =

   361   361   361   361


costs =

    13    13    -1    13


costs =

    13    13    -1    13


costs =

    13    13    -1    13


costs =

    13    13    -1    13


costs =

    13    13    -1    13


costs =

    13    13    -1    13


costs =

    13    13    -1    13


costs =

   490   490   490   490


costs =

    13    13    -1    13


costs =

    13    13    -1    13


costs =

    13    13    -1    13


costs =

    13    13    -1    13


costs =

    13    13    -1    13


costs =

    13    13    -1    13


costs =

    67    67    -1    65


costs =

    48    48    -1    45


costs =

    60    60    -1    62


costs =

    83    83    -1    85


costs =

    76    76    -1    76


costs =

    79    79    -1    79


costs =

    76    76    -1    76


costs =

    62    62    -1    62


costs =

    72    72    -1    75


costs =

    63    63    -1    66


costs =

    58    58    -1    58


costs =

    71    71    -1    71


costs =

    78    78    -1    78


costs =

    57    57    -1    57


costs =

    71    71    -1    74


costs =

    72    72    -1    72


costs =

    54    54    -1    59


costs =

    80    80    -1    80


costs =

    88    88    -1    89


costs =

   136   136    -1   147


classifications = 

    'general'


costs =

   124   124    -1   124


classifications = 

    'general'


costs =

   141   141    -1   141


classifications = 

    'general'


costs =

   138   138    -1   139


classifications = 

    'general'


costs =

   103   103    -1   105


classifications = 

    'general'


costs =

   140   140    -1   140


classifications = 

    'general'


costs =

   116   116    -1   116


classifications = 

    'general'


costs =

   141   141    -1   141


classifications = 

    'general'


costs =

   121   121    -1   128


classifications = 

    'general'


costs =

    94    94    -1   108


classifications = 

    'general'


costs =

   121   121    -1   121


classifications = 

    'general'


costs =

   132   132    -1   135


classifications = 

    'general'


costs =

   141   141    -1   141


classifications = 

    'general'


costs =

   119   119    -1   119


classifications = 

    'general'


costs =

   118   118    -1   126


classifications = 

    'general'


costs =

   120   120    -1   120


classifications = 

    'general'


costs =

   134   134    -1   134
   121   121    -1   121
   128   128    -1   134
   114   114    -1   130
   137   137    -1   149
   104   104    -1   104
   137   137    -1   137
    96    96    -1    96
   122   122    -1   130
   132   132    -1   132


classifications = 

    'general'
    'general'
    'general'
    'general'
    'general'
    'general'
    'general'
    'general'
    'general'
    'general'


costs =

   171   171    -1   171


classifications = 

    'general'


filename_mat =

costs/costs-2-2-1-1.mat

